img_1230
1
111.362 132.082 173.086 114.916 134.23 160.633 134.988 206.922 179.145 194.953
img_387
1
181.516 79.6545 208.988 76.1782 194.258 97.8264 187.114 110.479 214.073 108.035
img_6
3
364.215 82.6883 377.16 85.8002 373.883 93.2891 359.42 100.744 369.72 103.824
101.484 65.6963 126.486 62.8775 110.095 81.8366 107.126 97.5765 128.587 95.2233
304.797 86.745 314.821 86.8225 306.691 95.0646 305.316 101.29 312.77 101.727
img_726
1
219.184 84.3008 247.292 86.7397 236.621 103.026 219.012 116.233 243.365 118.24
img_932
1
205.51 96.6633 249.956 92.8576 229.753 121.928 212.928 141.052 253.836 136.337
